Took 2000.000000 Iterations

[-0.076618106139438091, -1.0, -0.038461538461538464, 0.0, 0.0, -0.0010438413361169103]
[-0.03402184046794271, -0.065528372583675693, -0.040703660438154342, 0.0, -1.0, 0.0]
[0.38728349412497565, 0.60905219496417551, 0.39890630435855862, 0.0, 0.10130701323423288, 3.0]
[0.84816023376249439, 0.76288403788458359, 0.21959020853225153, 0.0, 0.14513798467351841, 0.94632931768748252]
[0.91461870814824853, 0.64646990833672024, 0.057729180370327968, -0.081865532828024612, -0.042970637194692282, 0.006483060931039529]
[1.0, -1.0, -0.11351382799402926, 0.0, -1.0, -1.0]

RME: 0.579130
